3.328 0.161 2.877975 0.222
3.277 0.169 2.865016 0.230
3.224 0.177 3.062237 0.223
3.153 0.196 2.769486 0.250
3.066 0.213 2.603333 0.308
2.971 0.233 2.617466 0.298
2.833 0.255 2.308269 0.344
2.686 0.283 2.226388 0.401
2.644 0.297 2.279058 0.361
2.538 0.306 2.201912 0.418
2.511 0.328 2.214887 0.375
2.392 0.348 1.977128 0.439
2.320 0.358 2.010478 0.425
2.241 0.382 1.812355 0.484
2.170 0.396 1.699111 0.517
2.060 0.434 1.737986 0.498
2.022 0.424 1.770748 0.506
1.968 0.444 1.585641 0.553
1.935 0.456 1.614457 0.545
1.943 0.456 1.640280 0.515
1.877 0.472 1.737736 0.503
1.867 0.468 1.688129 0.544
1.812 0.483 1.394782 0.588
1.802 0.489 1.517645 0.578
1.698 0.511 1.627678 0.525
1.666 0.521 1.470495 0.567
1.686 0.517 1.837790 0.487
1.651 0.527 1.426749 0.598
1.588 0.532 1.422777 0.588
1.525 0.549 1.445338 0.605
1.517 0.557 1.399182 0.594
1.522 0.556 1.340911 0.600
1.512 0.562 1.322531 0.631
1.495 0.567 1.353712 0.605
1.427 0.585 1.388041 0.627
1.401 0.586 1.346849 0.603
1.365 0.600 1.282675 0.646
1.394 0.590 1.276777 0.618
1.393 0.592 1.409579 0.613
1.356 0.599 1.278390 0.654
1.794 0.502 1.427038 0.621
1.509 0.564 1.381229 0.616
1.331 0.602 1.189366 0.644
1.253 0.629 1.265083 0.635
1.245 0.631 1.167597 0.655
1.197 0.642 1.184683 0.673
1.308 0.610 1.219509 0.661
1.200 0.646 1.255322 0.652
1.225 0.634 1.223307 0.643
1.190 0.640 1.226062 0.666
1.211 0.638 1.233368 0.652
1.119 0.663 1.185863 0.650
1.100 0.669 1.251346 0.671
1.098 0.670 1.127771 0.692
1.137 0.656 1.306501 0.648
1.099 0.663 1.201612 0.673
1.065 0.682 1.274404 0.653
1.051 0.682 1.141536 0.655
1.135 0.653 1.173226 0.674
1.010 0.692 1.223763 0.658
1.025 0.691 1.120453 0.664
1.006 0.690 1.177421 0.655
0.992 0.697 1.158571 0.667
1.107 0.669 1.146861 0.679
1.022 0.693 1.231073 0.687
0.945 0.709 1.185891 0.680
1.019 0.694 1.145059 0.696
0.917 0.719 1.154172 0.698
0.944 0.710 1.212202 0.662
0.907 0.717 1.155740 0.676
   
